1.000000000000000000e+00
9.181325570866936125e-01
9.002862868228583837e-01
8.878530012960462736e-01
8.789720699162714146e-01
8.718734131551371114e-01
5.747424272725163430e-01
5.264320013074954563e-01
5.023139490656497452e-01
4.863548737351993667e-01
4.749688800519678011e-01
4.661518107882492989e-01
3.356764676476647891e-01
2.919079633128006113e-01
2.723994107503610040e-01
2.615209446975146901e-01
2.543685064574045529e-01
2.490621826604972333e-01
1.961206911948567277e-01
1.714623817906539283e-01
1.581777956749275127e-01
1.500583533638828182e-01
1.448288002526629537e-01
1.239923874091871936e-01
1.103718896254979598e-01
1.017264522924529180e-01
9.608050551710660414e-02
9.231424404551619167e-02
8.592527942077558822e-02
8.090685200440828062e-02
7.718325962509860194e-02
7.452668811025063567e-02
7.263447742621073622e-02
7.127188112614302185e-02
6.466748858215322360e-02
6.140976448187084741e-02
5.931073589508630700e-02
5.780511516980238462e-02
5.667846995725174530e-02
5.581486149423676296e-02
5.368526186085830626e-02
5.238169169521886270e-02
5.145813793965677702e-02
5.077121292775826217e-02
5.024668626796340021e-02
4.983724507854668528e-02
4.951062448669988486e-02
4.924706256712872016e-02
4.903352834281570621e-02
4.885700934079447583e-02
4.870903282305133475e-02
4.858471462951668984e-02
4.847931362592238641e-02
4.838976904446697785e-02
4.831289283866680578e-02
4.824634658794500763e-02
4.823880833845075461e-02
4.823674017041634787e-02
4.823758037765431966e-02
4.824099396418483204e-02
4.824521217588754324e-02
4.825009938169610990e-02
4.832018263977391759e-02
4.838708649281014962e-02
4.845040755983764935e-02
4.851107217927935755e-02
4.856886528103682155e-02
4.868810716369110364e-02
4.879873803519755443e-02
4.890279363540049606e-02
4.900220601486405397e-02
4.909864474386387706e-02
4.926311715680230935e-02
4.941657639151769005e-02
4.956079032488668740e-02
4.969842823409325455e-02
4.982988719026670843e-02
4.995697520475559511e-02
5.013483968429268550e-02
5.030560515970156077e-02
5.046741748605958894e-02
5.062268648161542817e-02
5.077193015436196749e-02
5.091560450281599343e-02
5.110279136543074280e-02
5.128088011884990305e-02
5.145291170715798890e-02
5.162133742424577371e-02
5.178393442083008280e-02
5.197982713771246571e-02
5.217758977150169231e-02
5.237778071799647356e-02
5.257767571986985550e-02
5.277522464507862499e-02
5.289837216940881243e-02
5.306090411279811708e-02
5.324771160718850399e-02
5.344593163110982620e-02
5.364412603080745412e-02
5.384042964883332949e-02
