1.000000000000000000e+00
9.078999023612902564e-01
8.910700554995458766e-01
8.800262672374972173e-01
8.717649440806519712e-01
8.649908221253317375e-01
5.683772310782101433e-01
5.237415610916382747e-01
5.005874009826505322e-01
4.850701348554397607e-01
4.738184878093924524e-01
4.650499189346136708e-01
3.283247654620690126e-01
2.863240266189774896e-01
2.676716170763667746e-01
2.572003354327883629e-01
2.502317584396290817e-01
2.450671191259509996e-01
1.909593439766792411e-01
1.664109617805147878e-01
1.532649161554967554e-01
1.453914884684360531e-01
1.404169842531571011e-01
1.189466666054248417e-01
1.052836714115003292e-01
9.680831698973384192e-02
9.138350528830398167e-02
8.782859148432047014e-02
8.138231348726311654e-02
7.632246565774146452e-02
7.265457039141917650e-02
7.006371457518455192e-02
6.823573738786868625e-02
6.693216917170878577e-02
6.061750413071216592e-02
5.744089544098834182e-02
5.538938080035502032e-02
5.391635098365890610e-02
5.281817284475473495e-02
5.198105103990113829e-02
4.982635891074663204e-02
4.851242940699925649e-02
4.759012126011377686e-02
4.691211862800133414e-02
4.640127832192168095e-02
4.600715290565175752e-02
4.569698700285284437e-02
4.544933805424325457e-02
4.524958245697795894e-02
4.508623827244169491e-02
4.495144471181989482e-02
4.483876222745174223e-02
4.474370189406098181e-02
4.466273224821994819e-02
4.459309990384751482e-02
4.453287941873227546e-02
4.453440984785173029e-02
4.453973503751640362e-02
4.454668161444114149e-02
4.455461659196270630e-02
4.456319489520352978e-02
4.457221413589707720e-02
4.464331319931302833e-02
4.471092690658928781e-02
4.477559765049744789e-02
4.483789526602138115e-02
4.489670753303289658e-02
4.501295172132937367e-02
4.512215265676627896e-02
4.522620274641892674e-02
4.532598864548163797e-02
4.542247724301160666e-02
4.558330700221249754e-02
4.573627027358766195e-02
4.588169696114405283e-02
4.602123697037348304e-02
4.615455621287187227e-02
4.628342221252523120e-02
4.646344030264466796e-02
4.663554674682941770e-02
4.680003148522127870e-02
4.695855773029038172e-02
4.711119550220377317e-02
4.725780977456296716e-02
4.745382988924179424e-02
4.764676122859616558e-02
4.783345211499732269e-02
4.801553362519698359e-02
4.819090183258550875e-02
4.838270607444602328e-02
4.858113178630410478e-02
4.878115908387852667e-02
4.897768805091134298e-02
4.917051009002036677e-02
4.935465048887678619e-02
4.956610400680663137e-02
4.978824147800253036e-02
5.001514908369149304e-02
5.024188045615175791e-02
5.046484493336896027e-02
